bitrate= 118.7kbits/s
total_size=2621440
out_time_us=176616009
out_time_ms=176616009
out_time=00:02:56.616009
dup_frames=0
drop_frames=0
speed= 346x
progress=continue
bitrate= 128.1kbits/s
total_size=3046223
out_time_us=190287528
out_time_ms=190287528
out_time=00:03:10.287528
dup_frames=0
drop_frames=0
speed= 339x
progress=end
