bitrate= 120.0kbits/s
total_size=2621440
out_time_us=174735193
out_time_ms=174735193
out_time=00:02:54.735193
dup_frames=0
drop_frames=0
speed= 341x
progress=continue
bitrate= 128.1kbits/s
total_size=3046223
out_time_us=190287528
out_time_ms=190287528
out_time=00:03:10.287528
dup_frames=0
drop_frames=0
speed= 340x
progress=end
